4.315834e+09	-25.6163816	-53.3540823	0.03126506	-0.04202803
4.31583414e+09	-25.6012913	-53.6071441	0.03113317	-0.04223903
4.31583429e+09	-25.6231146	-53.2991265	0.0312811	-0.04196548
4.31583443e+09	-25.6011092	-53.3958252	0.0312894	-0.0421248
4.31583457e+09	-25.6095911	-53.2613991	0.03135751	-0.04201023
4.31583472e+09	-25.6105987	-53.3109552	0.03131753	-0.04203246
4.31583486e+09	-25.5944499	-53.4023599	0.03130859	-0.04216068
4.315835e+09	-25.5988803	-53.4098847	0.03128709	-0.04214329
4.31583514e+09	-25.6230825	-53.3382403	0.03125256	-0.04198698
4.31583529e+09	-25.6127169	-53.4829324	0.03118362	-0.042116
4.31583543e+09	-25.5986406	-53.4993747	0.03122209	-0.04219327
4.31583557e+09	-25.590903	-53.390673	0.03132998	-0.04217151
4.31583572e+09	-25.5980328	-53.4357809	0.03127109	-0.04216154
4.31583586e+09	-25.5788192	-53.3996225	0.031367	-0.04223512
4.315836e+09	-25.5819032	-53.3676089	0.03137945	-0.0422026
4.31583615e+09	-25.5943156	-53.3622249	0.0313386	-0.04213939
4.31583629e+09	-25.6044763	-53.3513091	0.03130998	-0.04208416
4.31583643e+09	-25.5906008	-53.3511959	0.03136012	-0.04215138
4.31583658e+09	-25.5988275	-53.417675	0.03128155	-0.0421478
4.31583672e+09	-25.6173972	-53.5331998	0.03112988	-0.04212064
4.31583686e+09	-25.6105355	-53.4305416	0.03122996	-0.04209804
4.315837e+09	-25.6114761	-53.4006968	0.0312485	-0.04207721
4.31583715e+09	-25.603408	-53.5720955	0.03115141	-0.04220969
4.31583729e+09	-25.6049617	-53.3581575	0.0313032	-0.04208555
4.31583743e+09	-25.6192047	-53.3961145	0.03122407	-0.04203729
4.31583758e+09	-25.5971339	-53.6539259	0.03111356	-0.04228467
4.31583772e+09	-25.6229706	-53.546091	0.03110044	-0.04210062
4.31583786e+09	-25.6106226	-53.4921803	0.03118434	-0.04213119
4.31583801e+09	-25.629108	-53.3029698	0.03125671	-0.04193863
4.31583815e+09	-25.5981855	-53.5150103	0.03121221	-0.042204
4.31583829e+09	-25.5947056	-53.4373856	0.03128189	-0.04217857
4.31583843e+09	-25.5948128	-53.481405	0.03124909	-0.04220207
4.31583858e+09	-25.5896529	-53.4027614	0.03132559	-0.04218419
4.31583872e+09	-25.6226437	-53.380405	0.03122323	-0.04201209
4.31583886e+09	-25.6012016	-53.4867082	0.03122221	-0.04217393
4.31583901e+09	-25.6151442	-53.4616694	0.03119053	-0.04209266
4.31583915e+09	-25.6050804	-53.3814921	0.03128563	-0.04209772
4.31583929e+09	-25.6008735	-53.4885006	0.03122207	-0.0421765
4.31583944e+09	-25.6097603	-53.6966645	0.03103686	-0.04224641
4.31583958e+09	-25.6024922	-53.5243791	0.03118984	-0.04218818
4.31583972e+09	-25.6191969	-53.4370037	0.03119409	-0.0420596
4.31583987e+09	-25.6167384	-53.4243789	0.03121219	-0.04206463
4.31584001e+09	-25.6212191	-53.6825013	0.03100637	-0.04218305
4.31584015e+09	-25.6240984	-53.5449232	0.03109726	-0.04209452
4.31584029e+09	-25.5965687	-53.6242133	0.03113751	-0.04227128
4.31584044e+09	-25.6111559	-53.740497	0.03099955	-0.04226335
4.31584058e+09	-25.5984903	-53.4574452	0.0312535	-0.04217114
4.31584072e+09	-25.6042475	-53.5485377	0.03116575	-0.0421928
4.31584087e+09	-25.5960022	-53.666246	0.03110852	-0.04229687
4.31584101e+09	-25.6183244	-53.6523454	0.03103891	-0.04218078
4.31584115e+09	-25.6180078	-53.5310663	0.03112926	-0.04211652
4.3158413e+09	-25.6052871	-53.6032909	0.03112169	-0.04221751
4.31584144e+09	-25.606095	-53.6470175	0.03108657	-0.04223732
4.31584158e+09	-25.6051498	-53.6962021	0.03105368	-0.04226859
4.31584173e+09	-25.6036573	-53.6791726	0.03107158	-0.04226662
4.31584187e+09	-25.6151091	-53.6699028	0.03103747	-0.04220591
4.31584201e+09	-25.6316908	-53.6796064	0.03097114	-0.04213066
4.31584215e+09	-25.6205395	-53.4884179	0.03115152	-0.04208107
4.3158423e+09	-25.6119444	-53.6861997	0.03103677	-0.04223012
4.31584244e+09	-25.6176608	-53.5506306	0.03111612	-0.04212883
4.31584258e+09	-25.619063	-53.8023247	0.03092576	-0.04225829
4.31584273e+09	-25.5976875	-53.6988573	0.03107841	-0.04230636
4.31584287e+09	-25.5963291	-53.7123032	0.03107334	-0.04232027
4.31584301e+09	-25.6035568	-53.7902357	0.03098995	-0.04232726
4.31584316e+09	-25.5922313	-53.6166844	0.03115862	-0.0422883
4.3158433e+09	-25.6121705	-53.6629438	0.0310531	-0.04221642
4.31584344e+09	-25.5970965	-53.699229	0.03108025	-0.04230944
4.31584359e+09	-25.6226068	-53.5412222	0.03110532	-0.04209974
4.31584373e+09	-25.603688	-53.6434861	0.03109779	-0.04224711
4.31584387e+09	-25.5950863	-53.5212104	0.03121878	-0.04222244
4.31584401e+09	-25.5930241	-53.5867004	0.0311779	-0.04226813
4.31584416e+09	-25.6164598	-53.6177264	0.03107106	-0.04217107
4.3158443e+09	-25.6228474	-53.8356032	0.03088775	-0.04225783
4.31584444e+09	-25.5895213	-53.6118392	0.03117192	-0.04229886
4.31584459e+09	-25.6083323	-53.6523417	0.03107464	-0.04222933
4.31584473e+09	-25.6053546	-53.8788892	0.03091802	-0.04236639
4.31584487e+09	-25.6041291	-53.7239811	0.03103683	-0.04228861
4.31584502e+09	-25.6045719	-53.7654959	0.0310046	-0.04230893
4.31584516e+09	-25.5887793	-53.7035518	0.03110683	-0.04235232
4.3158453e+09	-25.6188979	-53.7202518	0.03098685	-0.04221475
4.31584544e+09	-25.5973045	-53.9133333	0.03092119	-0.04242427
4.31584559e+09	-25.5891262	-53.6299576	0.03115996	-0.04231064
4.31584573e+09	-25.6267933	-53.7128966	0.03096411	-0.04217242
4.31584587e+09	-25.604346	-53.7195435	0.03103933	-0.04228515
4.31584602e+09	-25.6081121	-53.7546648	0.03099996	-0.04228583
4.31584616e+09	-25.6156613	-53.7445588	0.03098048	-0.04224363
4.3158463e+09	-25.5976876	-53.7519138	0.03103922	-0.04233512
4.31584645e+09	-25.5925966	-53.6541388	0.03112966	-0.04230688
4.31584659e+09	-25.6101431	-53.66548	0.03105848	-0.04222765
4.31584673e+09	-25.5884962	-53.8128405	0.031027	-0.04241296
4.31584688e+09	-25.6036137	-53.7031842	0.03105402	-0.04227985
4.31584702e+09	-25.6188256	-53.8164717	0.03091617	-0.04226708
4.31584716e+09	-25.6183969	-53.6917422	0.03100964	-0.04220176
4.3158473e+09	-25.6154751	-53.7081127	0.03100801	-0.04222482
4.31584745e+09	-25.5946366	-53.8290927	0.03099305	-0.04239178
4.31584759e+09	-25.6315395	-53.9134899	0.03079944	-0.04225747
4.31584773e+09	-25.6316868	-53.7731347	0.03090234	-0.04218118
4.31584788e+09	-25.6044504	-53.8018938	0.03097815	-0.04232921
4.31584802e+09	-25.6163323	-53.8451905	0.03090385	-0.04229471
4.31584816e+09	-25.588891	-53.7393268	0.03107998	-0.04237119
4.31584831e+09	-25.6107151	-53.7837203	0.03096923	-0.04228887
4.31584845e+09	-25.6216742	-53.7476003	0.0309568	-0.04221604
4.31584859e+09	-25.5893542	-53.7929171	0.03103868	-0.04239798
4.31584874e+09	-25.5988839	-53.841679	0.03096859	-0.04237786
4.31584888e+09	-25.6192476	-54.0723745	0.03072559	-0.04240268
4.31584902e+09	-25.6338745	-53.9002402	0.03080093	-0.04223899
4.31584916e+09	-25.6284921	-53.9136226	0.03081015	-0.04227237
4.31584931e+09	-25.5999451	-53.9533803	0.03088214	-0.04243297
4.31584945e+09	-25.6197938	-54.0428941	0.03074547	-0.0423842
4.31584959e+09	-25.5884026	-53.9533883	0.0309232	-0.0424894
4.31584974e+09	-25.5796702	-53.9135769	0.03098385	-0.04251062
4.31584988e+09	-25.6138063	-54.0100624	0.03079097	-0.04239579
4.31585002e+09	-25.6011605	-54.042351	0.0308119	-0.04247493
4.31585017e+09	-25.5999011	-53.7894993	0.03100354	-0.04234468
4.31585031e+09	-25.5974283	-53.9430931	0.03089871	-0.04243972
4.31585045e+09	-25.6102913	-53.9318645	0.03086129	-0.04237087
4.3158506e+09	-25.5945957	-54.0380324	0.0308384	-0.04250472
4.31585074e+09	-25.6247397	-53.8542638	0.03086726	-0.04225868
4.31585088e+09	-25.6252259	-54.0865299	0.03069398	-0.04238109
4.31585102e+09	-25.6187327	-54.0084957	0.03077467	-0.04237091
4.31585117e+09	-25.6467879	-53.9076191	0.03074974	-0.0421802
4.31585131e+09	-25.5891634	-53.9817328	0.03089947	-0.04250097
4.31585145e+09	-25.6102966	-54.1035897	0.03073414	-0.04246315
4.3158516e+09	-25.607442	-54.0825212	0.03075986	-0.0424658
4.31585174e+09	-25.5994003	-53.8855141	0.03093432	-0.04239902
4.31585188e+09	-25.6228771	-53.9285935	0.03081902	-0.04230776
4.31585203e+09	-25.6172787	-54.0057536	0.03078185	-0.04237653
4.31585217e+09	-25.6215309	-54.0157557	0.03075939	-0.04236116
4.31585231e+09	-25.5902991	-54.0080875	0.03087588	-0.04250962
4.31585245e+09	-25.6355858	-54.1731116	0.03059339	-0.04237685
4.3158526e+09	-25.6185492	-54.1221894	0.03069118	-0.04243279
4.31585274e+09	-25.6129246	-53.9652753	0.03082723	-0.04237601
4.31585288e+09	-25.6067801	-54.0552698	0.0307824	-0.0424544
4.31585303e+09	-25.5860252	-54.0083249	0.0308909	-0.04253067
4.31585317e+09	-25.6258852	-54.172094	0.03062833	-0.04242366
4.31585331e+09	-25.6377597	-54.0704042	0.03066163	-0.04231135
4.31585346e+09	-25.6025707	-54.1424859	0.03073263	-0.04252181
4.3158536e+09	-25.5888583	-54.1939625	0.03074291	-0.04261663
4.31585374e+09	-25.6249042	-54.1399874	0.03065556	-0.04241128
4.31585389e+09	-25.6052731	-54.1586718	0.03071106	-0.04251726
4.31585403e+09	-25.6077521	-54.108452	0.03073954	-0.0424782
4.31585417e+09	-25.6118934	-54.2167104	0.03064461	-0.04251593
4.31585431e+09	-25.6221548	-54.2545178	0.0305804	-0.04248592
4.31585446e+09	-25.5984099	-54.1864408	0.03071471	-0.04256576
4.3158546e+09	-25.5929019	-54.1564549	0.03075648	-0.04257667
4.31585474e+09	-25.6134738	-54.2204231	0.03063628	-0.04251018
4.31585489e+09	-25.5960381	-54.1118657	0.03077849	-0.04253736
4.31585503e+09	-25.5941661	-54.2057585	0.03071536	-0.04259692
4.31585517e+09	-25.6256072	-54.3413235	0.03050387	-0.0425153
4.31585532e+09	-25.6054746	-54.0992297	0.03075444	-0.04248439
4.31585546e+09	-25.6247127	-54.2198223	0.03059711	-0.04245489
4.3158556e+09	-25.6104248	-54.2679648	0.03061174	-0.04255052
4.31585575e+09	-25.6077992	-54.3184892	0.03058345	-0.04259037
4.31585589e+09	-25.6218245	-54.19731	0.03062397	-0.04245698
4.31585603e+09	-25.6110072	-54.1331577	0.03070971	-0.04247553
4.31585617e+09	-25.6087381	-54.2260241	0.03064883	-0.04253636
4.31585632e+09	-25.6408792	-54.2176376	0.03054183	-0.04237478
4.31585646e+09	-25.6138084	-54.3420153	0.03054482	-0.04257346
4.3158566e+09	-25.5978167	-54.2569213	0.03066442	-0.04260642
4.31585675e+09	-25.6034357	-54.3606016	0.03056749	-0.04263425
4.31585689e+09	-25.5863593	-54.3172598	0.03065995	-0.04269497
4.31585703e+09	-25.6092822	-54.3977521	0.03051929	-0.04262536
4.31585718e+09	-25.5908886	-54.4208562	0.03056676	-0.04272805
4.31585732e+09	-25.5980631	-54.3995852	0.03055737	-0.04268143
4.31585746e+09	-25.6046852	-54.3034883	0.03060557	-0.04259763
4.31585761e+09	-25.6033888	-54.3747179	0.03055715	-0.04264201
4.31585775e+09	-25.6141055	-54.3824149	0.03051375	-0.04259353
4.31585789e+09	-25.6230098	-54.4940138	0.03039955	-0.04260918
4.31585803e+09	-25.5970268	-54.3161427	0.03062315	-0.04264197
4.31585818e+09	-25.6064122	-54.4237032	0.03051006	-0.04265327
4.31585832e+09	-25.6163798	-54.3755811	0.03051084	-0.04257874
4.31585846e+09	-25.6039491	-54.4162	0.0305243	-0.04266137
4.31585861e+09	-25.6028284	-54.3847288	0.03055167	-0.0426501
4.31585875e+09	-25.6120118	-54.5398845	0.0304039	-0.04268752
4.31585889e+09	-25.6067216	-54.4606406	0.03048147	-0.04267141
4.31585904e+09	-25.6253275	-54.5565734	0.03034491	-0.04263097
4.31585918e+09	-25.5845536	-54.457351	0.03056182	-0.0427787
4.31585932e+09	-25.6107615	-54.6749892	0.03030752	-0.04276525
4.31585946e+09	-25.603776	-54.4071722	0.03053163	-0.04265741
4.31585961e+09	-25.6138961	-54.5065905	0.0304221	-0.04266059
4.31585975e+09	-25.602072	-54.5738408	0.03041338	-0.04275443
4.31585989e+09	-25.6138649	-54.6174763	0.03033959	-0.04271954
4.31586004e+09	-25.5968887	-54.5668156	0.03043678	-0.04277622
4.31586018e+09	-25.6002446	-54.5300425	0.03045246	-0.04274016
4.31586032e+09	-25.6149196	-54.6377231	0.03032081	-0.04272507
4.31586047e+09	-25.6278685	-54.4676926	0.03040211	-0.04257139
4.31586061e+09	-25.6040581	-54.6015782	0.03038573	-0.04275937
4.31586075e+09	-25.6208075	-54.5287285	0.03038143	-0.0426384
4.3158609e+09	-25.6137119	-54.5153401	0.03041623	-0.04266614
4.31586104e+09	-25.6060675	-54.7734606	0.03025032	-0.04284042
4.31586118e+09	-25.6036299	-54.6591304	0.03034426	-0.04279198
4.31586132e+09	-25.6059798	-54.5892442	0.03038821	-0.04274337
4.31586147e+09	-25.6071289	-54.6400656	0.03034627	-0.04276465
4.31586161e+09	-25.6220691	-54.6327743	0.03029955	-0.0426873
4.31586175e+09	-25.6291497	-54.5640082	0.03032603	-0.04261615
4.3158619e+09	-25.6163642	-54.6773847	0.03028619	-0.04273894
4.31586204e+09	-25.6012549	-54.611849	0.03038787	-0.04277862
4.31586218e+09	-25.6038781	-54.6822549	0.03032612	-0.042803
4.31586233e+09	-25.5881269	-54.6182593	0.03042904	-0.04284673
4.31586247e+09	-25.6425736	-54.7307766	0.03015522	-0.04263829
4.31586261e+09	-25.6191615	-54.7503683	0.03022199	-0.04276371
4.31586276e+09	-25.5895219	-54.8102392	0.03028044	-0.04294155
4.3158629e+09	-25.6213627	-54.8473407	0.03014193	-0.04280395
4.31586304e+09	-25.6100222	-54.8669892	0.03016661	-0.04287022
4.31586318e+09	-25.5957541	-54.8693035	0.03021447	-0.04294192
4.31586333e+09	-25.6157235	-54.8901832	0.03012947	-0.04285429
4.31586347e+09	-25.6104049	-54.9425775	0.0301087	-0.04290809
4.31586361e+09	-25.6132017	-54.9226411	0.03011393	-0.0428838
4.31586376e+09	-25.6059268	-54.7813512	0.03024491	-0.04284528
4.3158639e+09	-25.6018388	-54.8884766	0.03017895	-0.04292195
4.31586404e+09	-25.6277432	-54.9550982	0.0300393	-0.04282909
4.31586419e+09	-25.623236	-54.9125702	0.03008669	-0.042829
4.31586433e+09	-25.6103502	-54.9800638	0.03008081	-0.04292805
4.31586447e+09	-25.6266599	-55.1002027	0.02993447	-0.04291038
4.31586462e+09	-25.6106774	-54.9808203	0.03007911	-0.04292683
4.31586476e+09	-25.6328742	-55.0035133	0.02998538	-0.04282915
4.3158649e+09	-25.6059814	-54.9385699	0.03012704	-0.04292784
4.31586504e+09	-25.6334074	-55.0796949	0.02992657	-0.04286635
4.31586519e+09	-25.6039686	-55.0157843	0.03007613	-0.04297836
4.31586533e+09	-25.5910834	-55.1684718	0.03000597	-0.04312228
4.31586547e+09	-25.6203223	-55.1916154	0.02988777	-0.04298944
4.31586562e+09	-25.6180651	-55.0773564	0.02998123	-0.04294091
4.31586576e+09	-25.6155678	-55.1671212	0.02992252	-0.04300019
4.3158659e+09	-25.612627	-55.0947916	0.02998693	-0.04297693
4.31586605e+09	-25.6163264	-55.1761909	0.0299131	-0.04300117
4.31586619e+09	-25.605244	-55.1243439	0.02999024	-0.04302895
4.31586633e+09	-25.5888766	-55.0009892	0.03013955	-0.04304532
4.31586647e+09	-25.6010927	-55.192229	0.02995355	-0.04308504
4.31586662e+09	-25.6199249	-55.3824509	0.02974578	-0.04309072
4.31586676e+09	-25.6239681	-55.292911	0.02979921	-0.04302415
4.3158669e+09	-25.6152226	-55.1872903	0.02990857	-0.04301243
4.31586705e+09	-25.6065163	-55.232395	0.02990466	-0.04307912
4.31586719e+09	-25.5987249	-55.3620087	0.02983388	-0.04318538
4.31586733e+09	-25.6049093	-55.3239298	0.02984132	-0.04313482
4.31586748e+09	-25.6397393	-55.3275003	0.02971922	-0.04296405
4.31586762e+09	-25.6150036	-55.3914582	0.02975586	-0.04311982
4.31586776e+09	-25.6090406	-55.4621157	0.02972306	-0.04318612
4.31586791e+09	-25.6101323	-55.4556726	0.02972418	-0.04317735
4.31586805e+09	-25.6317883	-55.4155715	0.0296803	-0.04304907
4.31586819e+09	-25.6124752	-55.460907	0.02971222	-0.04316842
4.31586833e+09	-25.6226753	-55.3278498	0.0297774	-0.04304872
4.31586848e+09	-25.6242763	-55.4096941	0.0297104	-0.04308327
4.31586862e+09	-25.6446711	-55.6015337	0.02949664	-0.04308123
4.31586876e+09	-25.6224192	-55.5500516	0.0296111	-0.04316515
4.31586891e+09	-25.6310352	-55.5982445	0.02954546	-0.04314722
4.31586905e+09	-25.613032	-55.7481354	0.02949355	-0.04331405
4.31586919e+09	-25.6263222	-55.6049544	0.02955644	-0.0431741
4.31586934e+09	-25.6333965	-55.4400419	0.02965642	-0.04305377
4.31586948e+09	-25.6027034	-55.7274452	0.0295443	-0.04335492
4.31586962e+09	-25.612319	-55.7556231	0.02949031	-0.04332146
4.31586977e+09	-25.6175345	-55.7537275	0.02947404	-0.04329448
4.31586991e+09	-25.6157224	-55.8787354	0.02938564	-0.04336773
4.31587005e+09	-25.6400928	-55.6830724	0.02945082	-0.0431459
4.31587019e+09	-25.6343039	-55.8372486	0.02935417	-0.04325381
4.31587034e+09	-25.6180938	-55.7902503	0.02944454	-0.04331047
4.31587048e+09	-25.6137277	-55.9122775	0.02936699	-0.04339489
4.31587062e+09	-25.6254158	-55.9223499	0.02931988	-0.04334169
4.31587077e+09	-25.6343702	-56.1101847	0.02914757	-0.04339282
4.31587091e+09	-25.6362862	-55.8735597	0.02932006	-0.04326253
4.31587105e+09	-25.644259	-55.9934533	0.02920265	-0.04328404
4.3158712e+09	-25.635943	-56.1011546	0.02914913	-0.04338037
4.31587134e+09	-25.6168738	-56.146089	0.02917909	-0.04349861
4.31587148e+09	-25.6253024	-56.206004	0.02910533	-0.04348688
4.31587163e+09	-25.6476955	-56.2023714	0.02903314	-0.04337307
4.31587177e+09	-25.6218337	-56.2110027	0.02911316	-0.04350679
4.31587191e+09	-25.6319304	-56.296381	0.02901455	-0.04349953
4.31587205e+09	-25.6631096	-56.2900553	0.02891537	-0.04334047
4.3158722e+09	-25.642856	-56.3982083	0.02890082	-0.04349628
4.31587234e+09	-25.6185777	-56.4118748	0.02897131	-0.04362494
4.31587248e+09	-25.6297475	-56.4839727	0.02887923	-0.04360525
4.31587263e+09	-25.6500058	-56.455234	0.02883377	-0.04348921
4.31587277e+09	-25.6229531	-56.4886851	0.02889824	-0.04364175
4.31587291e+09	-25.6741738	-56.5057572	0.0287154	-0.04339371
4.31587306e+09	-25.6534773	-56.680172	0.02865136	-0.04358465
4.3158732e+09	-25.6296601	-56.6816162	0.02872893	-0.04370505
4.31587334e+09	-25.6419396	-56.5568663	0.0287833	-0.04358074
4.31587348e+09	-25.6649824	-56.6020844	0.02867273	-0.04348792
4.31587363e+09	-25.6656001	-56.8383015	0.02849117	-0.04360266
4.31587377e+09	-25.6404476	-56.909097	0.02851974	-0.04376438
4.31587391e+09	-25.6450141	-56.7625961	0.0286165	-0.04366835
4.31587406e+09	-25.6663892	-56.9209129	0.02842569	-0.04363973
4.3158742e+09	-25.6616176	-57.1157435	0.02829267	-0.04376017
4.31587434e+09	-25.6632263	-57.1105058	0.02829143	-0.04374948
4.31587449e+09	-25.6452044	-57.0070176	0.02842933	-0.04378907
4.31587463e+09	-25.6833602	-57.2340559	0.02813174	-0.04370895
4.31587477e+09	-25.6717295	-57.293828	0.02812376	-0.04379688
4.31587492e+09	-25.6720381	-57.3956453	0.02804489	-0.04384523
4.31587506e+09	-25.6796216	-57.26559	0.02811978	-0.04374325
4.3158752e+09	-25.6861247	-57.5514964	0.02788027	-0.04385018
4.31587534e+09	-25.6870114	-57.5860329	0.02785099	-0.0438625
4.31587549e+09	-25.688235	-57.4563494	0.02794626	-0.04379318
4.31587563e+09	-25.7066711	-57.5892837	0.02778554	-0.04376491
4.31587577e+09	-25.690799	-57.7983364	0.0276762	-0.04394623
4.31587592e+09	-25.6945009	-57.7994671	0.02766354	-0.04392805
4.31587606e+09	-25.7015449	-57.7591937	0.02767196	-0.043873
4.3158762e+09	-25.6824845	-57.7543986	0.02773643	-0.04396706
4.31587635e+09	-25.7270878	-58.1473674	0.02729371	-0.04393009
4.31587649e+09	-25.7287644	-58.0470386	0.02736531	-0.04387376
4.31587663e+09	-25.7228798	-58.316196	0.02717731	-0.04403165
4.31587678e+09	-25.7314852	-58.3325384	0.02713785	-0.04399579
4.31587692e+09	-25.6990706	-58.3807962	0.02720211	-0.04418321
4.31587706e+09	-25.755635	-58.5612416	0.02688716	-0.04398131
4.3158772e+09	-25.7302986	-58.6287274	0.02691373	-0.04414152
4.31587735e+09	-25.7432906	-58.5670292	0.02692095	-0.04404658
4.31587749e+09	-25.7578415	-58.8270948	0.02667602	-0.04409439
4.31587763e+09	-25.7547968	-58.9598471	0.0265831	-0.04417156
4.31587778e+09	-25.7799308	-58.9297773	0.0265294	-0.04403001
4.31587792e+09	-25.764536	-59.1346825	0.02641855	-0.04420288
4.31587806e+09	-25.7885969	-59.281485	0.02623244	-0.04414796
4.31587821e+09	-25.7877157	-59.5713953	0.02601136	-0.04428462
4.31587835e+09	-25.8105078	-59.5980681	0.02592263	-0.04418064
4.31587849e+09	-25.7886184	-59.6070846	0.02598107	-0.04429621
4.31587864e+09	-25.8086488	-59.797303	0.02577436	-0.04427999
4.31587878e+09	-25.830799	-60.1532174	0.02543386	-0.04432606
4.31587892e+09	-25.8606542	-60.1391288	0.02535745	-0.04416773
4.31587906e+09	-25.8357252	-60.1312533	0.02543642	-0.04429118
4.31587921e+09	-25.8706325	-60.2581069	0.02523667	-0.04416952
4.31587935e+09	-25.8768557	-60.7348455	0.02485047	-0.04434619
4.31587949e+09	-25.8981977	-60.6228476	0.02487591	-0.04418882
4.31587964e+09	-25.9329317	-61.0161381	0.02447394	-0.0441815
4.31587978e+09	-25.9556155	-61.1838969	0.02428098	-0.04413755
4.31587992e+09	-25.9734214	-61.3722955	0.02408629	-0.0441266
4.31588007e+09	-26.0309453	-61.4872821	0.02383928	-0.04388326
4.31588021e+09	-26.0491806	-61.712234	0.02361717	-0.04388429
4.31588035e+09	-26.0767378	-62.0079352	0.02331628	-0.0438662
4.31588049e+09	-26.1165547	-62.2754672	0.0230055	-0.04377347
4.31588064e+09	-26.1385419	-62.5027045	0.02277399	-0.04375347
4.31588078e+09	-26.1862374	-62.6478795	0.02253895	-0.04357112
4.31588092e+09	-26.2088907	-62.9542342	0.02224756	-0.04357721
4.31588107e+09	-26.2771212	-63.162403	0.02191625	-0.04331615
4.31588121e+09	-26.2892675	-63.4768801	0.02164788	-0.04337509
4.31588135e+09	-26.3722898	-63.7259571	0.02125498	-0.04305528
4.3158815e+09	-26.438076	-64.0175318	0.02087688	-0.04283721
4.31588164e+09	-26.5337214	-64.4241191	0.02034708	-0.04251355
4.31588178e+09	-26.624816	-64.4556596	0.02011164	-0.04208109
4.31588193e+09	-26.6854685	-64.7546016	0.01975339	-0.0418919
4.31588207e+09	-26.8248141	-65.0594673	0.01921939	-0.04132805
4.31588221e+09	-26.911949	-65.1313248	0.01897622	-0.04093936
4.31588235e+09	-27.026597	-65.0216301	0.01880471	-0.04036661
4.3158825e+09	-27.1512947	-65.1177376	0.0184699	-0.03982227
4.31588264e+09	-27.3375566	-65.1335746	0.01806727	-0.0389824
4.31588278e+09	-27.4518562	-65.135207	0.01782998	-0.03847329
4.31588293e+09	-27.5836985	-64.8082904	0.01777731	-0.0377929
4.31588307e+09	-27.7625985	-64.7683286	0.01744072	-0.0370103
4.31588321e+09	-27.9055206	-63.9995814	0.017643	-0.03617284
4.31588336e+09	-28.0587987	-63.4904504	0.01764951	-0.03538467
4.3158835e+09	-28.2586954	-62.430409	0.01788474	-0.03425462
4.31588364e+09	-28.3844296	-61.2188752	0.01833763	-0.03338207
4.31588379e+09	-28.5029412	-60.2790806	0.0186268	-0.03262857
4.31588393e+09	-28.632384	-58.7234109	0.01921721	-0.03163587
4.31588407e+09	-28.7207443	-57.1965088	0.0198504	-0.03079767
4.31588421e+09	-28.7200909	-55.5267201	0.02074095	-0.03020844
4.31588436e+09	-28.7398613	-54.3894613	0.02128792	-0.0297231
4.3158845e+09	-28.745654	-52.5653762	0.02220843	-0.02901107
4.31588464e+09	-28.6569701	-51.0874012	0.02318483	-0.02872035
4.31588479e+09	-28.5552511	-49.8149302	0.02409746	-0.02853057
4.31588493e+09	-28.4428156	-48.215015	0.02520886	-0.02820945
4.31588507e+09	-28.2786559	-47.5879447	0.02600291	-0.02846479
4.31588522e+09	-28.1587372	-46.8532616	0.02673229	-0.02852008
4.31588536e+09	-27.9981799	-46.1566845	0.02758221	-0.02871897
4.3158855e+09	-27.8713044	-45.6049728	0.02826737	-0.0288707
4.31588565e+09	-27.6738492	-45.2032185	0.02912371	-0.02933104
4.31588579e+09	-27.5859805	-45.2250426	0.02940854	-0.02964047
4.31588593e+09	-27.4643586	-44.7139701	0.03009015	-0.02979121
4.31588607e+09	-27.2953794	-44.7245107	0.03067568	-0.0303821
4.31588622e+09	-27.236908	-44.7378237	0.03087577	-0.03059449
4.31588636e+09	-27.142195	-44.8091332	0.03117577	-0.03096875
4.3158865e+09	-27.0470713	-44.7246145	0.03156522	-0.03126324
4.31588665e+09	-26.9626116	-44.847917	0.03180564	-0.03163724
4.31588679e+09	-26.8239445	-44.8146134	0.03233616	-0.03212758
4.31588693e+09	-26.8243807	-45.0011199	0.03222979	-0.03223105
4.31588708e+09	-26.6790886	-45.3621253	0.03256629	-0.03298057
4.31588722e+09	-26.6708061	-45.2708803	0.03264989	-0.03296008
4.31588736e+09	-26.6079543	-45.4789906	0.0327662	-0.03331868
4.31588751e+09	-26.5571618	-45.7370288	0.0328071	-0.03366218
4.31588765e+09	-26.500869	-45.968509	0.03288326	-0.03401418
4.31588779e+09	-26.4727529	-45.8871462	0.0330383	-0.03407758
4.31588793e+09	-26.4073362	-46.0712253	0.03317758	-0.03444197
4.31588808e+09	-26.3797878	-46.2193146	0.03319356	-0.03463729
4.31588822e+09	-26.3141842	-46.4389452	0.03331119	-0.03502784
4.31588836e+09	-26.2997398	-46.4452838	0.03336275	-0.03508983
4.31588851e+09	-26.2660675	-46.7169466	0.03332494	-0.03538453
4.31588865e+09	-26.2487733	-46.662266	0.03342518	-0.03542317
4.31588879e+09	-26.2018684	-46.9160139	0.03344811	-0.03576346
4.31588894e+09	-26.181015	-47.160058	0.03337551	-0.03599191
4.31588908e+09	-26.2083713	-47.2703855	0.03320141	-0.03594273
4.31588922e+09	-26.1627505	-47.4255967	0.03327825	-0.03622229
4.31588936e+09	-26.1544629	-47.3935997	0.03333026	-0.03623826
4.31588951e+09	-26.1291441	-47.5147726	0.03335062	-0.03641466
4.31588965e+09	-26.1157521	-47.8072859	0.03321545	-0.0366409
4.31588979e+09	-26.0752236	-47.7267609	0.0334225	-0.03676533
4.31588994e+09	-26.0632719	-47.9572459	0.03332015	-0.03695029
4.31589008e+09	-26.0699953	-47.9350013	0.0333087	-0.03690877
4.31589022e+09	-26.040409	-48.1906095	0.0332568	-0.03718344
4.31589037e+09	-25.9914856	-48.2123758	0.03343044	-0.03740617
4.31589051e+09	-25.9951259	-48.2052679	0.03342107	-0.03738635
4.31589065e+09	-25.9948473	-48.2237352	0.03341009	-0.03739832
4.3158908e+09	-25.9843786	-48.466748	0.03329127	-0.03758496
4.31589094e+09	-25.9818948	-48.7142012	0.03313811	-0.03773918
4.31589108e+09	-25.9908051	-48.6990672	0.03311409	-0.03769174
4.31589122e+09	-25.933614	-48.8180258	0.033254	-0.03800986
4.31589137e+09	-25.9805001	-48.6520741	0.03318434	-0.03770928
4.31589151e+09	-25.9227897	-48.8544741	0.03327125	-0.03807843
4.31589165e+09	-25.9182801	-48.9727821	0.03320979	-0.03816686
4.3158918e+09	-25.9364799	-49.064945	0.03307897	-0.03814023
4.31589194e+09	-25.9247553	-49.1155001	0.03308994	-0.03822096
4.31589208e+09	-25.9107743	-49.13547	0.0331299	-0.03829408
4.31589223e+09	-25.9148554	-49.2993845	0.0330047	-0.03837067
4.31589237e+09	-25.8812934	-49.2244424	0.03318283	-0.03847585
4.31589251e+09	-25.8998146	-49.4831085	0.03293848	-0.03854299
4.31589266e+09	-25.8872098	-49.428541	0.03302306	-0.03856753
4.3158928e+09	-25.8708786	-49.4402962	0.03307728	-0.0386469
4.31589294e+09	-25.8909852	-49.4532818	0.03299206	-0.03856502
4.31589308e+09	-25.8710397	-49.6482851	0.03293616	-0.038766
4.31589323e+09	-25.874471	-49.4511114	0.03305631	-0.03863716
4.31589337e+09	-25.8545394	-49.6741065	0.03298128	-0.03885458
4.31589351e+09	-25.8642447	-49.6657775	0.03295009	-0.0388064
4.31589366e+09	-25.8502962	-49.7252252	0.0329627	-0.03890299
4.3158938e+09	-25.8508573	-49.7857788	0.03291944	-0.03893529
4.31589394e+09	-25.8557816	-49.8149001	0.032881	-0.03892994
4.31589409e+09	-25.8430049	-49.9132958	0.0328624	-0.03904374
4.31589423e+09	-25.8382027	-49.9754888	0.03283815	-0.039101
4.31589437e+09	-25.8194274	-49.9230052	0.03294509	-0.03915545
4.31589452e+09	-25.8270887	-50.0555148	0.03282548	-0.03919695
4.31589466e+09	-25.8096399	-50.1450826	0.03283005	-0.03932714
4.3158948e+09	-25.8020027	-50.0736895	0.03290795	-0.03932076
4.31589494e+09	-25.8311818	-50.0806274	0.03279284	-0.03919286
4.31589509e+09	-25.7930877	-50.2632336	0.03281135	-0.0394699
4.31589523e+09	-25.782753	-50.3232523	0.032809	-0.03955128
4.31589537e+09	-25.8143371	-50.3775422	0.03265256	-0.03943868
4.31589552e+09	-25.8048776	-50.2717998	0.03276095	-0.03942126
4.31589566e+09	-25.782327	-50.2754463	0.0328436	-0.03952583
4.3158958e+09	-25.8005927	-50.3895507	0.03269599	-0.03950799
4.31589595e+09	-25.7726464	-50.4419137	0.03276512	-0.03966527
4.31589609e+09	-25.7893964	-50.4391583	0.0327039	-0.03958728
4.31589623e+09	-25.8052867	-50.5143498	0.03259224	-0.03955773
4.31589637e+09	-25.7790237	-50.5798583	0.03264555	-0.03971487
4.31589652e+09	-25.7798821	-50.5680898	0.03265048	-0.03970424
4.31589666e+09	-25.7540106	-50.4539827	0.03282712	-0.03975738
4.3158968e+09	-25.7868353	-50.5887147	0.03261007	-0.03968421
4.31589695e+09	-25.7689676	-50.6414016	0.03264064	-0.03979596
4.31589709e+09	-25.7390293	-50.708616	0.03270647	-0.03997176
4.31589723e+09	-25.7942033	-50.8606574	0.03239386	-0.03980476
4.31589738e+09	-25.7872198	-50.6250418	0.03258346	-0.03970312
4.31589752e+09	-25.7619011	-50.7814869	0.03256973	-0.0399081
4.31589766e+09	-25.7615338	-50.7197523	0.03261409	-0.03987467
4.31589781e+09	-25.7757593	-50.8108543	0.03249738	-0.03986114
4.31589795e+09	-25.743821	-50.8811704	0.03256797	-0.04004798
4.31589809e+09	-25.7646447	-50.8276209	0.03252731	-0.0399217
4.31589823e+09	-25.7451891	-50.8349662	0.03259512	-0.0400154
4.31589838e+09	-25.7604673	-50.9596697	0.03245082	-0.0400158
4.31589852e+09	-25.7796433	-51.0034617	0.03234873	-0.03995229
4.31589866e+09	-25.7444704	-51.0786498	0.03242732	-0.04015699
4.31589881e+09	-25.7609639	-50.8303132	0.03253922	-0.03994015
4.31589895e+09	-25.7621927	-51.0459795	0.03238407	-0.04005668
4.31589909e+09	-25.752327	-51.0884773	0.03239112	-0.04012624
4.31589924e+09	-25.7415467	-50.949361	0.0325288	-0.04009721
4.31589938e+09	-25.7594195	-51.0359853	0.0324014	-0.04006382
4.31589952e+09	-25.7439565	-50.9958505	0.03248724	-0.04011246
4.31589967e+09	-25.7345052	-51.1127099	0.03244064	-0.04022238
4.31589981e+09	-25.7357382	-51.1201109	0.03243084	-0.04022086
4.31589995e+09	-25.7417001	-51.1106843	0.0324152	-0.04018793
4.31590009e+09	-25.7366051	-51.1830442	0.03238341	-0.04025244
4.31590024e+09	-25.7227732	-51.2520218	0.03238646	-0.04035561
4.31590038e+09	-25.7514703	-51.0702496	0.03240708	-0.04011989
4.31590052e+09	-25.7233868	-51.3035194	0.03234789	-0.04038185
4.31590067e+09	-25.7351431	-51.2646748	0.03233147	-0.04030532
4.31590081e+09	-25.7526997	-51.2896053	0.03224868	-0.04023797
4.31590095e+09	-25.7212576	-51.3894301	0.03229522	-0.04044022
4.3159011e+09	-25.7321735	-51.2832398	0.03232946	-0.04032958
4.31590124e+09	-25.7009353	-51.268049	0.03245667	-0.04046628
4.31590138e+09	-25.7412567	-51.4221357	0.03219791	-0.0403656
4.31590153e+09	-25.7350887	-51.4000653	0.03223634	-0.04038186
4.31590167e+09	-25.7217843	-51.2746433	0.03237421	-0.04037299
4.31590181e+09	-25.7326239	-51.5132659	0.03216562	-0.04045695
4.31590195e+09	-25.7229949	-51.4454273	0.03224923	-0.04046367
4.3159021e+09	-25.7334214	-51.5503603	0.03213647	-0.04047405
4.31590224e+09	-25.7460543	-51.4328014	0.03217262	-0.0403493
4.31590238e+09	-25.7205533	-51.3917375	0.03229621	-0.0404448
4.31590253e+09	-25.7423407	-51.7274289	0.03197838	-0.04053153
4.31590267e+09	-25.7233528	-51.6261719	0.0321201	-0.04056353
4.31590281e+09	-25.6899035	-51.5178349	0.03232097	-0.040659
4.31590296e+09	-25.6931692	-51.4921883	0.03232701	-0.04062925
4.3159031e+09	-25.725502	-51.4944642	0.03220529	-0.04047957
4.31590324e+09	-25.7023117	-51.6276986	0.03219692	-0.04066277
4.31590338e+09	-25.7078332	-51.4754045	0.03228436	-0.04055126
4.31590353e+09	-25.7071021	-51.5918349	0.0322046	-0.0406202
4.31590367e+09	-25.7383772	-51.5370298	0.03212755	-0.04044349
4.31590381e+09	-25.7170545	-51.6115326	0.03215377	-0.04058474
4.31590396e+09	-25.713147	-51.6162144	0.03216492	-0.04060563
4.3159041e+09	-25.7319818	-51.6317933	0.03208423	-0.0405264
4.31590424e+09	-25.7350991	-51.7458615	0.031992	-0.04057563
4.31590439e+09	-25.7208486	-51.5458948	0.03218618	-0.04053017
4.31590453e+09	-25.7109102	-51.8524043	0.0320055	-0.04074837
4.31590467e+09	-25.7223044	-51.6346694	0.03211796	-0.04057319
4.31590482e+09	-25.7108281	-51.5296732	0.03223482	-0.04056783
4.31590496e+09	-25.6978341	-51.8073632	0.03208579	-0.04078455
4.3159051e+09	-25.6912328	-51.7196794	0.03217261	-0.04076637
4.31590524e+09	-25.7186535	-51.6877714	0.03209383	-0.04062001
4.31590539e+09	-25.6883967	-51.7606752	0.03215393	-0.0408027
4.31590553e+09	-25.7095684	-51.8378448	0.0320208	-0.04074653
4.31590567e+09	-25.7140521	-51.6362624	0.03214736	-0.04061265
4.31590582e+09	-25.6895125	-51.8410883	0.03209251	-0.04084254
4.31590596e+09	-25.683405	-51.77324	0.03216346	-0.04083321
4.3159061e+09	-25.7028429	-51.8074377	0.03206724	-0.04076108
4.31590625e+09	-25.7353222	-51.9204833	0.03186737	-0.0406719
4.31590639e+09	-25.6782	-51.9002914	0.03209206	-0.04092895
4.31590653e+09	-25.7149321	-51.7797718	0.03204229	-0.04068892
4.31590668e+09	-25.6813659	-51.874625	0.03209869	-0.04089966
4.31590682e+09	-25.7005247	-51.762553	0.03210773	-0.04074682
4.31590696e+09	-25.6938054	-51.903579	0.03203211	-0.04085732
4.3159071e+09	-25.6854809	-51.9719909	0.03201397	-0.04093475
4.31590725e+09	-25.6918842	-51.8801976	0.03205587	-0.04085328
4.31590739e+09	-25.6742809	-51.8944891	0.03211069	-0.04094417
4.31590753e+09	-25.7027157	-52.0786972	0.03187437	-0.04091304
4.31590768e+09	-25.7206733	-51.9901774	0.03187158	-0.04077935
4.31590782e+09	-25.6922327	-51.8496772	0.03207634	-0.04083456
4.31590796e+09	-25.6864582	-51.9933052	0.03199514	-0.04094205
4.31590811e+09	-25.682459	-51.9166455	0.03206465	-0.04091804
4.31590825e+09	-25.6922798	-51.9773989	0.03198506	-0.04090574
4.31590839e+09	-25.6969211	-52.0824637	0.03189295	-0.04094244
4.31590854e+09	-25.6906168	-51.8194925	0.03210382	-0.04082525
4.31590868e+09	-25.6723975	-52.0617425	0.03199797	-0.04104663
4.31590882e+09	-25.7033057	-52.0027005	0.03192644	-0.04086795
4.31590896e+09	-25.7057404	-52.0156882	0.03190823	-0.04086373
4.31590911e+09	-25.686474	-52.2036499	0.03184456	-0.04105916
4.31590925e+09	-25.6755918	-52.0768142	0.03197541	-0.04103995
4.31590939e+09	-25.7012066	-52.1995296	0.03179354	-0.04098729
4.31590954e+09	-25.7019251	-52.1423991	0.03183176	-0.04095218
4.31590968e+09	-25.681182	-52.1153715	0.03192723	-0.04103504
4.31590982e+09	-25.6870818	-51.9842255	0.03199933	-0.04093404
4.31590997e+09	-25.6770743	-52.2473507	0.03184768	-0.04112792
4.31591011e+09	-25.6738419	-52.1394913	0.03193693	-0.04108318
4.31591025e+09	-25.6755404	-52.1201212	0.03194457	-0.04106435
4.31591039e+09	-25.6922433	-52.0819331	0.03191051	-0.0409642
4.31591054e+09	-25.6886664	-51.9428347	0.03202305	-0.04090345
4.31591068e+09	-25.6729103	-52.165641	0.0319216	-0.04110216
4.31591082e+09	-25.7005386	-52.0346797	0.03191379	-0.04089879
4.31591097e+09	-25.690014	-52.2754736	0.03178011	-0.0410823
4.31591111e+09	-25.6785166	-52.3155962	0.03179339	-0.04115899
4.31591125e+09	-25.667094	-52.2516017	0.03188124	-0.04117757
4.3159114e+09	-25.6828549	-52.1906643	0.03186714	-0.04106905
4.31591154e+09	-25.6956718	-52.1840153	0.03182491	-0.0410048
4.31591168e+09	-25.7064676	-52.2521575	0.03173665	-0.04099164
4.31591183e+09	-25.6596252	-52.1651142	0.03197084	-0.04116478
4.31591197e+09	-25.6654903	-52.2107549	0.03191648	-0.04116243
4.31591211e+09	-25.6689429	-52.187268	0.03192066	-0.04113299
4.31591225e+09	-25.6792556	-52.1790163	0.0318887	-0.04107959
4.3159124e+09	-25.668922	-52.2501555	0.03187557	-0.0411681
4.31591254e+09	-25.6928457	-52.2817526	0.03176525	-0.04107239
4.31591268e+09	-25.677808	-52.4195347	0.03172126	-0.04121996
4.31591283e+09	-25.6928041	-52.2526922	0.03178623	-0.04105647
4.31591297e+09	-25.6807259	-52.3069406	0.03179152	-0.04114372
4.31591311e+09	-25.6866798	-52.2819025	0.0317877	-0.04110164
4.31591326e+09	-25.66614	-52.2639437	0.03187587	-0.04118896
4.3159134e+09	-25.6794616	-52.3719329	0.03174945	-0.04118575
4.31591354e+09	-25.6761576	-52.2446505	0.03185298	-0.04113076
4.31591369e+09	-25.6627675	-52.267168	0.03188593	-0.04120675
4.31591383e+09	-25.6593074	-52.3706077	0.03182416	-0.04128069
4.31591397e+09	-25.6788316	-52.3757627	0.031749	-0.04119086
4.31591411e+09	-25.6803134	-52.2537834	0.03183119	-0.04111616
4.31591426e+09	-25.6622505	-52.3541231	0.03182525	-0.04125755
4.3159144e+09	-25.6621395	-52.3071651	0.03185946	-0.04123198
4.31591454e+09	-25.6796251	-52.3342953	0.0317759	-0.04116411
4.31591469e+09	-25.669397	-52.4160248	0.03175452	-0.04125795
4.31591483e+09	-25.6744845	-52.4661507	0.03169984	-0.04126154
4.31591497e+09	-25.6844237	-52.4827436	0.03165165	-0.04122352
4.31591512e+09	-25.6585427	-52.3195206	0.03186376	-0.04125593
4.31591526e+09	-25.6801057	-52.3126217	0.03178971	-0.04114981
4.3159154e+09	-25.6750135	-52.4147788	0.03173489	-0.04123059
4.31591555e+09	-25.6602029	-52.4364424	0.03177343	-0.04131297
4.31591569e+09	-25.6543185	-52.310178	0.03188599	-0.0412708
4.31591583e+09	-25.6329766	-52.4457899	0.03186642	-0.04144787
4.31591597e+09	-25.6771253	-52.430408	0.03171593	-0.04122922
4.31591612e+09	-25.6486445	-52.4630989	0.03179649	-0.04138278
4.31591626e+09	-25.6993877	-52.4193927	0.03164265	-0.0411176
4.3159164e+09	-25.6724748	-52.4049381	0.03175125	-0.04123719
4.31591655e+09	-25.6922281	-52.6158304	0.03152747	-0.04125984
4.31591669e+09	-25.6904566	-52.4318398	0.03166626	-0.04116678
4.31591683e+09	-25.6511156	-52.4781728	0.03177656	-0.04137937
4.31591698e+09	-25.6558287	-52.4520704	0.03177816	-0.04134245
4.31591712e+09	-25.6715895	-52.5646535	0.0316394	-0.04132975
4.31591726e+09	-25.6903863	-52.6161578	0.03153392	-0.04126877
4.3159174e+09	-25.6987574	-52.6525362	0.03147736	-0.04124901
4.31591755e+09	-25.666633	-52.5473881	0.03166992	-0.0413438
4.31591769e+09	-25.6791742	-52.536015	0.03163242	-0.04127787
4.31591783e+09	-25.6652126	-52.5196283	0.03169513	-0.04133521
4.31591798e+09	-25.6638452	-52.4599551	0.03174316	-0.04130868
4.31591812e+09	-25.6706862	-52.607156	0.03161202	-0.04135751
4.31591826e+09	-25.6670025	-52.5675816	0.031654	-0.0413532
4.31591841e+09	-25.6684909	-52.5884706	0.0316335	-0.04135765
4.31591855e+09	-25.6675627	-52.6213357	0.03161315	-0.04138021
4.31591869e+09	-25.6793765	-52.6133933	0.03157591	-0.04131959
4.31591884e+09	-25.6636944	-52.3888669	0.03179494	-0.04126998
4.31591898e+09	-25.6631049	-52.6306609	0.03162264	-0.0414066
4.31591912e+09	-25.6509998	-52.5883127	0.03169738	-0.04144093
4.31591926e+09	-25.6733591	-52.5073444	0.03167427	-0.04128967
4.31591941e+09	-25.6771573	-52.6586814	0.0315513	-0.0413551
4.31591955e+09	-25.6731988	-52.7468742	0.03150196	-0.04142249
4.31591969e+09	-25.6684896	-52.3062705	0.03183682	-0.04120135
4.31591984e+09	-25.6654467	-52.4995201	0.03170878	-0.04132297
4.31591998e+09	-25.6616002	-52.607219	0.03164506	-0.04140083
4.31592012e+09	-25.6626642	-52.6167465	0.0316343	-0.04140102
4.31592027e+09	-25.6491582	-52.6066279	0.03169085	-0.04145985
4.31592041e+09	-25.6723514	-52.5489089	0.03164798	-0.04131743
4.31592055e+09	-25.6694566	-52.7410744	0.03151973	-0.04143715
4.3159207e+09	-25.6444703	-52.6199255	0.03169833	-0.04148959
4.31592084e+09	-25.6883181	-52.6476723	0.03151872	-0.04129594
4.31592098e+09	-25.6687192	-52.6668006	0.0315761	-0.04139977
4.31592112e+09	-25.6780216	-52.6160495	0.03157892	-0.0413275
4.31592127e+09	-25.6640635	-52.7487663	0.03153374	-0.04146712
4.31592141e+09	-25.6614499	-52.6395919	0.03162221	-0.04141942
4.31592155e+09	-25.6652365	-52.5650691	0.03166225	-0.04136022
4.3159217e+09	-25.6604487	-52.6535538	0.03161576	-0.0414319
4.31592184e+09	-25.6806087	-52.7212551	0.0314936	-0.04137309
4.31592198e+09	-25.670807	-52.762645	0.03149923	-0.04144257
4.31592213e+09	-25.6678681	-52.7836074	0.03149472	-0.04146812
4.31592227e+09	-25.6672035	-52.7292089	0.03153649	-0.04144137
4.31592241e+09	-25.6644139	-52.671289	0.03158851	-0.04142277
4.31592256e+09	-25.6556204	-52.7378984	0.03157228	-0.04150146
4.3159227e+09	-25.6708378	-52.6783574	0.03156005	-0.04139604
4.31592284e+09	-25.6719428	-52.7245845	0.03152263	-0.04141622
4.31592298e+09	-25.678526	-52.5743	0.03160719	-0.04130208
4.31592313e+09	-25.6809179	-52.708345	0.0315018	-0.04136452
4.31592327e+09	-25.6758213	-52.8091671	0.03144741	-0.0414442
4.31592341e+09	-25.6598235	-52.6702782	0.03160594	-0.04144411
4.31592356e+09	-25.6457437	-52.5738541	0.03172703	-0.04145801
4.3159237e+09	-25.6745226	-52.6651518	0.0315562	-0.04137121
4.31592384e+09	-25.6611496	-52.8480827	0.03147237	-0.04153565
4.31592399e+09	-25.6451161	-52.8665439	0.03151711	-0.04162255
4.31592413e+09	-25.6530948	-52.6278616	0.03166113	-0.0414528
4.31592427e+09	-25.6729457	-52.6450572	0.03157644	-0.04136765
4.31592441e+09	-25.6506991	-52.8102521	0.03153771	-0.04156484
4.31592456e+09	-25.6600169	-52.8515648	0.03147395	-0.04154298
4.3159247e+09	-25.6734701	-52.8095314	0.03145566	-0.04145562
4.31592484e+09	-25.6918475	-52.8450452	0.03136353	-0.04138745
4.31592499e+09	-25.6645718	-52.8067997	0.03148988	-0.04149661
4.31592513e+09	-25.6670015	-52.923101	0.0313968	-0.04154882
4.31592527e+09	-25.6632559	-52.951273	0.0313899	-0.04158218
4.31592542e+09	-25.6639682	-52.8751636	0.03144253	-0.04153704
4.31592556e+09	-25.6800513	-52.8497778	0.03140273	-0.04144629
4.3159257e+09	-25.6844771	-52.8328647	0.03139896	-0.04141591
4.31592585e+09	-25.6539017	-52.8569899	0.03149218	-0.04157522
4.31592599e+09	-25.6651006	-52.8601399	0.03144932	-0.04152338
4.31592613e+09	-25.6414739	-52.9475985	0.03147139	-0.04168457
4.31592627e+09	-25.6599337	-52.924738	0.03142117	-0.04158354
4.31592642e+09	-25.6577023	-52.8028328	0.03151767	-0.04152726
4.31592656e+09	-25.6347494	-52.764027	0.03162926	-0.04161573
4.3159267e+09	-25.6485567	-52.8300666	0.03153111	-0.041586
4.31592685e+09	-25.6485256	-53.0091878	0.03140106	-0.04168452
4.31592699e+09	-25.6425602	-52.965542	0.0314544	-0.04168921
4.31592713e+09	-25.6786414	-53.0377398	0.03127167	-0.04155583
4.31592728e+09	-25.6583689	-52.8891064	0.03145269	-0.04157148
4.31592742e+09	-25.6476878	-52.970488	0.03143224	-0.04166732
4.31592756e+09	-25.667014	-52.9320982	0.03139023	-0.04155369
4.31592771e+09	-25.6560312	-52.7811366	0.03153946	-0.04152331
4.31592785e+09	-25.6642357	-52.9064446	0.03141888	-0.04155292
4.31592799e+09	-25.6542984	-52.8090166	0.03152554	-0.04154694
4.31592813e+09	-25.6567307	-53.0335923	0.03135367	-0.04165852
4.31592828e+09	-25.6511736	-52.9147932	0.0314601	-0.04162004
4.31592842e+09	-25.6687076	-52.9224991	0.03139107	-0.04154033
4.31592856e+09	-25.6637044	-52.9814156	0.0313664	-0.04159654
4.31592871e+09	-25.6554146	-52.8582103	0.03148581	-0.04156865
4.31592885e+09	-25.6595223	-52.8626964	0.03146767	-0.04155146
4.31592899e+09	-25.6517293	-52.9989161	0.03139695	-0.04166352
4.31592914e+09	-25.6466939	-52.9253867	0.03146863	-0.04164733
4.31592928e+09	-25.6647622	-52.8118941	0.0314855	-0.0414985
4.31592942e+09	-25.6496165	-53.0507145	0.0313669	-0.04170203
4.31592957e+09	-25.6516681	-53.0189516	0.0313826	-0.04167479
4.31592971e+09	-25.6676592	-53.0841786	0.0312775	-0.04163377
4.31592985e+09	-25.664982	-52.8942269	0.03142504	-0.04154265
4.31592999e+09	-25.644699	-52.9489002	0.03145876	-0.04166981
4.31593014e+09	-25.6722752	-52.9792851	0.03133701	-0.04155435
4.31593028e+09	-25.6619663	-53.0191364	0.03134528	-0.04162551
4.31593042e+09	-25.6513379	-53.1516714	0.03128717	-0.04174896
4.31593057e+09	-25.6613191	-53.0502711	0.03132499	-0.04164564
4.31593071e+09	-25.6537974	-52.9020796	0.03145983	-0.04160049
4.31593085e+09	-25.6590312	-53.041127	0.03133989	-0.04165161
4.315931e+09	-25.6499261	-52.9803095	0.031417	-0.04166197
4.31593114e+09	-25.6307488	-53.0145954	0.03146145	-0.04177289
4.31593128e+09	-25.6438303	-52.9367956	0.03147071	-0.04166733
4.31593142e+09	-25.6689005	-53.1497079	0.0312254	-0.04166356
4.31593157e+09	-25.6662325	-52.9271545	0.03139664	-0.04155472
4.31593171e+09	-25.676749	-53.0236835	0.03128868	-0.04155721
4.31593185e+09	-25.6581564	-53.0097967	0.03136582	-0.04163866
4.315932e+09	-25.6623827	-53.0780662	0.03130095	-0.04165573
4.31593214e+09	-25.6564863	-52.9724514	0.03139899	-0.04162621
4.31593228e+09	-25.6667935	-52.9774703	0.03135811	-0.04157959
4.31593243e+09	-25.6642106	-53.0882377	0.03128697	-0.04165252
4.31593257e+09	-25.6456228	-52.9761429	0.0314356	-0.04168033
4.31593271e+09	-25.6726305	-53.0925413	0.03125353	-0.04161451
4.31593286e+09	-25.6422103	-53.0809603	0.03137162	-0.04175417
4.315933e+09	-25.6509066	-52.9582501	0.03142949	-0.04164517
4.31593314e+09	-25.6688328	-53.2002067	0.03118891	-0.04169139
4.31593328e+09	-25.6419183	-53.1759165	0.03130343	-0.04180751
4.31593343e+09	-25.6420577	-53.0455375	0.03139798	-0.0417355
4.31593357e+09	-25.64078	-53.0822452	0.03137585	-0.04176175
4.31593371e+09	-25.6445571	-52.9463485	0.03146113	-0.04166909
4.31593386e+09	-25.6414488	-53.1076298	0.03135493	-0.04177243
4.315934e+09	-25.6612537	-53.0499352	0.03132547	-0.04164577
